    1.0000
    1.0304
    1.0603
    1.0897
    1.1185
    1.1468
    1.1746
    1.2019
    1.2286
    1.2548
    1.2805
    1.3056
    1.3302
    1.3543
    1.3778
    1.4008
    1.4233
    1.4453
    1.4667
    1.4876
    1.5079
    1.5278
    1.5471
    1.5659
    1.5841
    1.6018
    1.6190
    1.6357
    1.6518
    1.6674
    1.6825
    1.6970
    1.7110
    1.7245
    1.7375
    1.7499
    1.7618
    1.7732
    1.7840
    1.7943
    1.8041
    1.8133
    1.8220
    1.8302
    1.8379
    1.8450
    1.8516
    1.8577
    1.8632
    1.8682
    1.8727
    1.8767
    1.8801
    1.8830
    1.8853
    1.8872
    1.8885
    1.8892
    1.8895
    1.8892
    1.8884
    1.8870
    1.8852
    1.8827
    1.8798
    1.8763
    1.8724
    1.8678
    1.8628
    1.8572
    1.8511
    1.8444
    1.8373
    1.8296
    1.8213
    1.8126
    1.8033
    1.7935
    1.7831
    1.7723
    1.7608
    1.7489
    1.7364
    1.7234
    1.7099
    1.6959
    1.6813
    1.6662
    1.6505
    1.6344
    1.6177
    1.6004
    1.5827
    1.5644
    1.5455
    1.5262
    1.5063
    1.4859
    1.4650
    1.4435
    0.5153
    0.4769
    0.4379
    0.3985
    0.3585
    0.3179
    0.2769
    0.2353
    0.1932
    0.1505
    0.1073
    0.0636
    0.0194
   -0.0254
   -0.0707
   -0.1165
   -0.1629
   -0.2098
   -0.2572
   -0.3051
   -0.3536
   -0.4026
   -0.4521
   -0.5022
   -0.5528
   -0.6039
   -0.6556
   -0.7078
   -0.7605
   -0.8137
   -0.8675
   -0.9218
   -0.9766
   -1.0320
   -1.0879
   -1.1443
   -1.2012
   -1.2587
   -1.3167
   -1.3753
   -1.4343
   -1.4939
   -1.5541
   -1.6147
   -1.6759
   -1.7376
   -1.7999
   -1.8626
   -1.9259
   -1.9898
   -2.0541
   -2.1190
   -2.1844
   -2.2504
   -2.3169
   -2.3839
   -2.4514
   -2.5195
   -2.5881
   -2.6572
   -2.7269
   -2.7971
   -2.8678
   -2.9390
   -3.0108
   -3.0831
   -3.1560
   -3.2293
   -3.3032
   -3.3776
   -3.4526
